3202627587
3202633732
3202637832
3202643978
3202664462
3202659672
3202629652
3202641941
3202660374
3202641943
3202629657
3202637850
3202646043
3202631709
3202629662
3202672672
3202631719
3202629672
3202629674
3202633736
3202630323
3202650169
3202652218
3202656315
3202654272
3202637889
3202633796
3202627657
3202633805
3202627664
3202660433
3202660434
3202627679
3202637921
3202652262
3202633831
3202648170
3202629740
3202639985
3202637945
3202629754
3202627709
3202627711
3202656387
3202632726
3202646162
3202636829
3202637975
3202627738
3202650267
3202627750
3202628636
3202627756
3202650287
3202642097
3202627771
3202637856
3202635970
3202635972
3202627781
3202644166
3202652362
3202648267
3202652368
3202654424
3202635994
3202658524
3202650333
3202638046
3202631907
3202644202
3202664685
3202654448
3202636020
3202637524
3202638076
3202629894
3202640135
3202654475
3202631949
3202661763
3202638100
3202627861
3202631961
3202650400
3202638118
3202646311
3202631979
3202629932
3202629937
3202627891
3202627893
3202629942
3202627978
3202636094
3202634047
3202638145
3202650437
3202646343
3202629971
3202636117
3202644025
3202631055
3202627932
3202640223
3202652514
3202654572
3202627950
3202640275
3202642292
3202629218
3202636164
3202631745
3202636170
3202634131
3202632086
3202631407
3202632092
3202638245
3202628007
3202628010
3202632111
3202632113
3202654642
3202634164
3202642357
3202634167
3202646456
3202632129
3202632130
3202662851
3202654661
3202631415
3202653635
3202626637
3202628049
3202628051
3202628052
3202628059
3202640348
3202628064
3202652646
3202638316
3202654659
3202646516
3202634230
3202626644
3202632187
3202632189
3202632190
3202654719
3202638339
3202638340
3202628694
3202636294
3202642448
3202660883
3202632216
3202662939
3202646556
3202638369
3202630178
3202632233
3202642475
3202660912
3202627489
3202669110
3202634848
3202629387
3202630213
3202644552
3202630221
3202636369
3202644563
3202634326
3202642527
3202632290
3202627686
3202635537
3202650737
3202630258
3202630260
3202636407
3202628226
3202638467
3202660996
3202634378
3202636429
3202634179
3202652833
3202642604
3202640563
3202632478
3202630091
3202627020
3202628300
3202630350
3202656978
3202628317
3202627365
3202629072
3202632424
3202657002
3202632429
3202630383
3202663152
3202627185
3202628345
3202657021
3202665218
3202648837
3202630407
3202640659
3202640660
3202627186
3202638619
3202636574
3202628060
3202626695
3202652973
3202628399
3202655029
3202631688
3202629233
3202638648
3202628410
3202648891
3202631477
3202636615
3202628433
3202628435
3202634581
3202653015
3202628440
3202653023
3202630496
3202632235
3202632547
3202628453
3202663274
3202636652
3202628894
3202638709
3202634617
3202632571
3202632572
3202636671
3202636672
3202632580
3202632583
3202636680
3202638730
3202630556
3202630557
3202667422
3202626471
3202632622
3202626489
3202628542
3202640835
3202630598
3202636745
3202629920
3202636752
3202626516
3202653145
3202632667
3202636767
3202632673
3202649060
3202634725
3202638824
3202626539
3202638829
3202632688
3202638787
3202636800
3202634757
3202638856
3202629123
3202626734
3202634774
3202627759
3202632732
3202653213
3202632735
3202626599
3202626600
3202626602
3202630699
3202630710
3202657342
3202645056
3202636867
3202655301
3202630733
3202655311
3202626642
3202626643
3202640980
3202626645
3202647126
3202636887
3202632795
3202636896
3202630160
3202636898
3202675812
3202647141
3202665577
3202669695
3202634881
3202638981
3202627777
3202630793
3202627778
3202655375
3202626709
3202645144
3202638020
3202639004
3202628768
3202629830
3202647206
3202628777
3202649260
3202639022
3202659505
3202641090
3202628803
3202628804
3202628805
3202641096
3202641097
3202643146
3202626763
3202626767
3202634961
3202637010
3202634965
3202640761
3202626776
3202655451
3202639068
3202630878
3202640080
3202637026
3202657508
3202630888
3202630889
3202632938
3202647275
3202663661
3202643187
3202659573
3202641149
3202655488
3202628866
3202647299
3202651400
3202639113
3202639114
3202626775
3202637076
3202630933
3202626838
3202643223
3202629931
3202647322
3202637086
3202630944
3202670812
3202643242
3202641195
3202653485
3202640093
3202628488
3202633018
3202659643
3202639167
3202630072
3202626881
3202643267
3202659652
3202628935
3202626889
3202653519
3202657617
3202649432
3202649436
3202631007
3202651493
3202639207
3202665832
3202639209
3202639210
3202643313
3202637170
3202631028
3202647414
3202628983
3202653561
3202653563
3202626940
3202637184
3202637187
3202632941
3202631236
3202641307
3202626972
3202629022
3202639265
3202631579
3202657704
3202628851
3202651582
3202649539
3202629060
3202651591
3202655692
3202633166
3202637263
3202663888
3202643415
3202657752
3202637274
3202628177
3202637290
3202637291
3202627058
3202651635
3202637305
3202629117
3202631169
3202629122
3202633219
3202639367
3202641418
3202632733
3202637334
3202629146
3202639388
3202643485
3202633258
3202636039
3202633263
3202639408
3202657842
3202627130
3202631229
3202647616
3202629186
3202637379
3202633284
3202639436
3202630242
3202645588
3202627172
3202637406
3202628237
3202639458
3202651748
3202641509
3202627176
3202627177
3202647661
3202627182
3202631280
3202631281
3202639474
3202635388
3202633347
3202627205
3202629256
3202645642
3202643597
3202631310
3202639506
3202649747
3202643605
3202653848
3202631322
3202631326
3202631327
3202635425
3202662051
3202630257
3202627241
3202637482
3202627243
3202633389
3202639538
3202631348
3202635445
3202631355
3202629308
3202641598
3202651840
3202668832
3202637506
3202633416
3202639572
3202643672
3202633435
3202627293
3202639586
3202651877
3202637543
3202631402
3202643695
3202664176
3202633457
3202647794
3202641655
3202664186
3202643708
3202627325
3202641663
3202639619
3202637574
3202631435
3202633485
3202647341
3202639633
3202627346
3202627354
3202626523
3202629413
3202627374
3202664240
3202627379
3202639669
3202647863
3202635577
3202631482
3202630623
3202637628
3202627390
3202639681
3202635587
3202633544
3202631650
3202632333
3202635601
3202631507
3202643799
3202639705
3202639706
3202641759
3202654055
3202647916
3202627439
3202633584
3202641778
3202627444
3202631541
3202660214
3202638143
3202643837
3202652032
3202633607
3202628179
3202641814
3202631578
3202643867
3202662302
3202629535
3202635681
3202631590
3202637740
3202633649
3202645949
3202629566
3202637763
3202662340
3202627526
3202630305
3202627529
3202627531
3202645968
3202633023
3202637784
3202633039
3202637790
3202637792
3202637794
3202654180
3202627563
3202637812
3202660343
3202652159
3202627581
3202641919
512
513
520
521
522
523
525
526
527
528
530
531
532
533
534
535
536
537
540
541
542
543
544
549
550
551
552
553
554
559
560
562
564
565
566
572
575
576
577
578
579
581
582
583
584
586
587
588
589
591
592
593
594
595
596
598
599
600
601
602
604
605
606
607
608
609
610
611
612
615
617
618
619
620
622
623
624
625
626
630
631
632
633
634
647
648
651
653
654
496
497
499
501
504
505
506
507
508
510
511
512
513
520
521
522
523
525
526
527
528
530
531
532
533
534
535
536
537
540
541
542
543
544
549
550
551
552
553
554
559
560
562
564
565
566
572
575
576
577
578
579
581
582
583
584
586
587
588
589
591
592
593
594
595
596
598
599
600
601
602
604
605
606
607
608
609
610
611
612
615
617
618
619
620
622
623
624
625
626
630
631
632
633
634
647
648
651
653
654
496
497
499
501
504
505
506
507
508
510
511
1034
1037
1039
1558
1559
1560
1561
1567
1570
1571
1572
1575
1597
1600
1099
1102
1153
1157
1158
1159
1160
1164
653
654
1168
657
659
660
661
662
1477
697
1210
1211
1215
961
1218
1257
746
1259
1260
1261
1262
1263
775
776
777
778
785
788
789
790
791
1304
793
1306
1307
816
817
818
819
1333
1334
1335
1337
1338
1339
822
839
851
852
853
854
855
856
865
871
874
878
882
1395
1396
1400
1401
1402
1258
747
905
906
1462
1467
1468
1472
1473
1474
965
1500
1011
1012
1013
1034
1037
1039
1558
1559
1560
1561
1567
1570
1571
1572
1575
1597
1600
1099
1102
1153
1157
1158
1159
1160
1164
653
654
1168
657
659
660
661
662
1477
697
1210
1211
1215
961
1218
1257
746
1259
1260
1261
1262
1263
775
776
777
778
785
788
789
790
791
1304
793
1306
1307
816
817
818
819
1333
1334
1335
1337
1338
1339
822
839
851
852
853
854
855
856
865
871
874
878
882
1395
1396
1400
1401
1402
1258
747
905
906
1462
1467
1468
1472
1473
1474
965
1500
1011
1012
1013
